./MHM 0 1 1 1 0 
./MHM 1 1 1 1 0
./MHM 2 1 1 1 0
./MHM 3 1 1 1 0
./MHM 4 1 1 1 0
./MHM 5 1 1 1 0

./MHM 0 1 1 2 0 
./MHM 1 1 1 2 0
./MHM 2 1 1 2 0
./MHM 3 1 1 2 0
./MHM 4 1 1 2 0
./MHM 5 1 1 2 0

./MHM 0 1 1 3 0 
./MHM 1 1 1 3 0
./MHM 2 1 1 3 0
./MHM 3 1 1 3 0
./MHM 4 1 1 3 0
./MHM 5 1 1 3 0

./MHM 0 1 1 4 0 
./MHM 1 1 1 4 0
./MHM 2 1 1 4 0
./MHM 3 1 1 4 0
./MHM 4 1 1 4 0
./MHM 5 1 1 4 0

./MHM 0 1 2 1 0 
./MHM 1 1 2 1 0
./MHM 2 1 2 1 0
./MHM 3 1 2 1 0
./MHM 4 1 2 1 0
./MHM 5 1 2 1 0

./MHM 0 1 2 2 0 
./MHM 1 1 2 2 0
./MHM 2 1 2 2 0
./MHM 3 1 2 2 0
./MHM 4 1 2 2 0
./MHM 5 1 2 2 0

./MHM 0 1 2 3 0 
./MHM 1 1 2 3 0
./MHM 2 1 2 3 0
./MHM 3 1 2 3 0
./MHM 4 1 2 3 0
./MHM 5 1 2 3 0

./MHM 0 1 2 4 0 
./MHM 1 1 2 4 0
./MHM 2 1 2 4 0
./MHM 3 1 2 4 0
./MHM 4 1 2 4 0
./MHM 5 1 2 4 0

./MHM 0 1 3 1 0 
./MHM 1 1 3 1 0
./MHM 2 1 3 1 0
./MHM 3 1 3 1 0
./MHM 4 1 3 1 0
./MHM 5 1 3 1 0

./MHM 0 1 3 2 0 
./MHM 1 1 3 2 0
./MHM 2 1 3 2 0
./MHM 3 1 3 2 0
./MHM 4 1 3 2 0
./MHM 5 1 3 2 0

./MHM 0 1 3 3 0 
./MHM 1 1 3 3 0
./MHM 2 1 3 3 0
./MHM 3 1 3 3 0
./MHM 4 1 3 3 0
./MHM 5 1 3 3 0

./MHM 0 1 3 4 0 
./MHM 1 1 3 4 0
./MHM 2 1 3 4 0
./MHM 3 1 3 4 0
./MHM 4 1 3 4 0
./MHM 5 1 3 4 0

./MHM 0 1 4 1 0 
./MHM 1 1 4 1 0
./MHM 2 1 4 1 0
./MHM 3 1 4 1 0
./MHM 4 1 4 1 0
./MHM 5 1 4 1 0

./MHM 0 1 4 2 0 
./MHM 1 1 4 2 0
./MHM 2 1 4 2 0
./MHM 3 1 4 2 0
./MHM 4 1 4 2 0
./MHM 5 1 4 2 0

./MHM 0 1 4 3 0 
./MHM 1 1 4 3 0
./MHM 2 1 4 3 0
./MHM 3 1 4 3 0
./MHM 4 1 4 3 0
./MHM 5 1 4 3 0

./MHM 0 1 4 4 0 
./MHM 1 1 4 4 0
./MHM 2 1 4 4 0
./MHM 3 1 4 4 0
./MHM 4 1 4 4 0
./MHM 5 1 4 4 0

./MHM 0 2 2 1 0 
./MHM 1 2 2 1 0
./MHM 2 2 2 1 0
./MHM 3 2 2 1 0
./MHM 4 2 2 1 0
./MHM 5 2 2 1 0

./MHM 0 2 2 2 0 
./MHM 1 2 2 2 0
./MHM 2 2 2 2 0
./MHM 3 2 2 2 0
./MHM 4 2 2 2 0
./MHM 5 2 2 2 0

./MHM 0 2 2 3 0 
./MHM 1 2 2 3 0
./MHM 2 2 2 3 0
./MHM 3 2 2 3 0
./MHM 4 2 2 3 0
./MHM 5 2 2 3 0

./MHM 0 2 2 4 0 
./MHM 1 2 2 4 0
./MHM 2 2 2 4 0
./MHM 3 2 2 4 0
./MHM 4 2 2 4 0
./MHM 5 2 2 4 0

./MHM 0 2 3 1 0 
./MHM 1 2 3 1 0
./MHM 2 2 3 1 0
./MHM 3 2 3 1 0
./MHM 4 2 3 1 0
./MHM 5 2 3 1 0

./MHM 0 2 3 2 0 
./MHM 1 2 3 2 0
./MHM 2 2 3 2 0
./MHM 3 2 3 2 0
./MHM 4 2 3 2 0
./MHM 5 2 3 2 0

./MHM 0 2 3 3 0 
./MHM 1 2 3 3 0
./MHM 2 2 3 3 0
./MHM 3 2 3 3 0
./MHM 4 2 3 3 0
./MHM 5 2 3 3 0

./MHM 0 2 3 4 0 
./MHM 1 2 3 4 0
./MHM 2 2 3 4 0
./MHM 3 2 3 4 0
./MHM 4 2 3 4 0
./MHM 5 2 3 4 0

./MHM 0 2 4 1 0 
./MHM 1 2 4 1 0
./MHM 2 2 4 1 0
./MHM 3 2 4 1 0
./MHM 4 2 4 1 0
./MHM 5 2 4 1 0

./MHM 0 2 4 2 0 
./MHM 1 2 4 2 0
./MHM 2 2 4 2 0
./MHM 3 2 4 2 0
./MHM 4 2 4 2 0
./MHM 5 2 4 2 0

./MHM 0 2 4 3 0 
./MHM 1 2 4 3 0
./MHM 2 2 4 3 0
./MHM 3 2 4 3 0
./MHM 4 2 4 3 0
./MHM 5 2 4 3 0

./MHM 0 2 4 4 0 
./MHM 1 2 4 4 0
./MHM 2 2 4 4 0
./MHM 3 2 4 4 0
./MHM 4 2 4 4 0
./MHM 5 2 4 4 0

./MHM 0 2 5 1 0 
./MHM 1 2 5 1 0
./MHM 2 2 5 1 0
./MHM 3 2 5 1 0
./MHM 4 2 5 1 0
./MHM 5 2 5 1 0

./MHM 0 2 5 2 0 
./MHM 1 2 5 2 0
./MHM 2 2 5 2 0
./MHM 3 2 5 2 0
./MHM 4 2 5 2 0
./MHM 5 2 5 2 0

./MHM 0 2 5 3 0 
./MHM 1 2 5 3 0
./MHM 2 2 5 3 0
./MHM 3 2 5 3 0
./MHM 4 2 5 3 0
./MHM 5 2 5 3 0

./MHM 0 2 5 4 0 
./MHM 1 2 5 4 0
./MHM 2 2 5 4 0
./MHM 3 2 5 4 0
./MHM 4 2 5 4 0
./MHM 5 2 5 4 0